 BC	1	2	3	4	5	6	7	8	9	10	11	12	sum	min	lib	AUC	Plasmid	TEVp	TEVs	promoter	RBS	Combi	TEV
AAAGTTGTTGAT	0	0	0	0	0	0	0	0	0	0	0	0	7822	522	3	0	pLH171	C151A	ENLYFQS	J23107	superweak	2	C151A_ENLYFQS
AAAGTTGTTGAT	0	0	0	0	0	0.00168	0	0.00157	0.00276	0.0059	0.00196	0.00305	7705	511	1	0.02291	pLH171	C151A	ENLYFQS	J23107	superweak	2	C151A_ENLYFQS
AAAGTTGTTGAT	0	0	0	0	0.00131	0.00292	0.00297	0	0.00469	0.00393	0	0	8715	504	2	0.01582	pLH171	C151A	ENLYFQS	J23107	superweak	2	C151A_ENLYFQS
AAATGAAATAGT	0.00656	0.002	0.02148	0.13865	0.24343	0.26512	0.32066	0.33635	0.35023	0.3206	0.34067	0.31564	8600	457	2	2.82844	pLH174	C151A	ENLYFQS	J23116	veryweak	5	C151A_ENLYFQS
AAATGAAATAGT	0	0.01058	0.06118	0.16694	0.19383	0.36283	0.45362	0.52903	0.59348	0.60578	0.62752	0.54581	7087	454	1	5.63769	pLH174	C151A	ENLYFQS	J23116	veryweak	5	C151A_ENLYFQS
AAATGAAATAGT	0.00204	0.00519	0.00732	0.04733	0.108	0.15007	0.19189	0.20337	0.2508	0.26706	0.22787	0.24196	8027	491	3	1.59174	pLH174	C151A	ENLYFQS	J23116	veryweak	5	C151A_ENLYFQS
AACATAGAACCC	0	0	0.00255	0	0	0.01493	0.07727	0.09358	0.11298	0.13107	0.13772	0.15743	5237	334	1	1.09154	pLH197	C151A	ENLYFQ–	J23100	superweak	4	C151A_ENLYFQ–
AACATAGAACCC	0	0	0	0.00506	0.01116	0.0245	0.03101	0.05952	0.07163	0.0563	0.0765	0.08491	4940	363	3	0.37814	pLH197	C151A	ENLYFQ–	J23100	superweak	4	C151A_ENLYFQ–
AACATAGAACCC	0	0	0	0.01493	0.01188	0.04121	0.05944	0.05893	0.07273	0.04694	0.05921	0.06729	5194	335	2	0.46216	pLH197	C151A	ENLYFQ–	J23100	superweak	4	C151A_ENLYFQ–
AAGCCTCGGTAC	0.02748	0.0291	0.05042	0.07595	0.10497	0.31138	0.4026	0.34746	0.45217	0.4661	0.44048	0.42478	2455	84	1	4.20465	pLH209	NX1	ENLYFQW	J23100	veryweak	8	NX1_ENLYFQW
AAGCCTCGGTAC	0.01893	0.05508	0.01685	0.06803	0.15038	0.20395	0.19697	0.13816	0.248	0.23438	0.15323	0.1831	1966	124	3	1.67706	pLH209	NX1	ENLYFQW	J23100	veryweak	8	NX1_ENLYFQW
AAGCCTCGGTAC	0.03797	0.03646	0.07643	0.10078	0.24265	0.25781	0.23404	0.28395	0.29104	0.25806	0.2446	0.31757	1905	128	2	2.48468	pLH209	NX1	ENLYFQW	J23100	veryweak	8	NX1_ENLYFQW
ACAAAGTCTCAG	0.0203	0.021	0.16585	0.37736	0.60161	0.68632	0.72135	0.73247	0.7094	0.71324	0.70789	0.70974	6165	371	2	6.51032	pLH201	C151A	ENLYFQ–	J23100	veryweak	8	C151A_ENLYFQ–
ACAAAGTCTCAG	0.01151	0.04472	0.19395	0.30397	0.45209	0.67453	0.7428	0.82863	0.86047	0.83534	0.84862	0.84141	6060	397	1	8.74662	pLH201	C151A	ENLYFQ–	J23100	veryweak	8	C151A_ENLYFQ–
ACAAAGTCTCAG	0.02	0.01982	0.12549	0.46712	0.60266	0.59099	0.63675	0.65936	0.72065	0.67188	0.66094	0.62649	6058	441	3	5.53864	pLH201	C151A	ENLYFQ–	J23100	veryweak	8	C151A_ENLYFQ–
ACAACGCTCCCC	0	0	0	0	0	0	0.01227	0.008	0.00629	0.0146	0.01887	0.02632	2580	106	1	0.14097	pLH205	NX1	ENLYFQW	J23100	superweak	4	NX1_ENLYFQW
ACAACGCTCCCC	0	0	0	0	0	0	0	0.00556	0	0.0073	0	0.00546	2103	128	2	0.01832	pLH205	NX1	ENLYFQW	J23100	superweak	4	NX1_ENLYFQW
ACAACGCTCCCC	0	0	0	0	0	0	0	0	0	0	0	0.00645	2126	126	3	0.00322	pLH205	NX1	ENLYFQW	J23100	superweak	4	NX1_ENLYFQW
ACCAAAAATCTT	0	0	0	0	0	0	0	0	0	0	0	0	2601	167	3	0	pLH221	VIstar	ENLYFQW	J23100	superweak	4	VIstar_ENLYFQW
ACCAAAAATCTT	0	0	0	0	0	0	0.00382	0	0	0	0	0	2563	152	2	0.00382	pLH221	VIstar	ENLYFQW	J23100	superweak	4	VIstar_ENLYFQW
ACCAAAAATCTT	0	0	0	0	0	0	0	0	0	0	0.00709	0.00714	2972	136	1	0.032	pLH221	VIstar	ENLYFQW	J23100	superweak	4	VIstar_ENLYFQW
ACGAGTGTTTAC	0	0.00247	0	0.00893	0.02108	0.04286	0.06571	0.06263	0.06195	0.07556	0.06557	0.07569	5207	336	2	0.51524	pLH196	C151A	ENLYFQ–	J23118	superweak	3	C151A_ENLYFQ–
ACGAGTGTTTAC	0	0	0	0	0.00721	0.01285	0.03738	0.09856	0.11413	0.17136	0.18855	0.16267	5071	297	1	1.2382	pLH196	C151A	ENLYFQ–	J23118	superweak	3	C151A_ENLYFQ–
ACGAGTGTTTAC	0.00463	0	0	0.00254	0.02439	0.03043	0.05645	0.04069	0.05641	0.07637	0.08311	0.07191	5090	372	3	0.4156	pLH196	C151A	ENLYFQ–	J23118	superweak	3	C151A_ENLYFQ–
ACGTGGTTTGCG	0	0.00397	0.01689	0.11467	0.24292	0.29772	0.31176	0.34388	0.35183	0.33708	0.32695	0.3237	8379	470	2	2.83484	pLH175	C151A	ENLYFQS	J23107	veryweak	6	C151A_ENLYFQS
ACGTGGTTTGCG	0.00146	0.01571	0.08384	0.12708	0.20747	0.37002	0.44169	0.52413	0.55354	0.61319	0.60152	0.56272	7120	482	1	5.56664	pLH175	C151A	ENLYFQS	J23107	veryweak	6	C151A_ENLYFQS
ACGTGGTTTGCG	0	0.00181	0.00739	0.04608	0.11685	0.12865	0.1808	0.20588	0.23547	0.2368	0.2329	0.25108	7761	445	3	1.52089	pLH175	C151A	ENLYFQS	J23107	veryweak	6	C151A_ENLYFQS
ACTGCCTCTGCC	0	0	0	0	0	0.00171	0.00741	0.00563	0.01322	0.00935	0.01446	0.0125	6692	415	1	0.09847	pLH226	VIstar	ENLYFQS	J23116	superweak	1	VIstar_ENLYFQS
ACTGCCTCTGCC	0	0	0	0	0	0.00676	0.00601	0.00497	0.00685	0.00422	0.00569	0.00144	7766	425	2	0.03878	pLH226	VIstar	ENLYFQS	J23116	superweak	1	VIstar_ENLYFQS
ACTGCCTCTGCC	0	0	0	0	0	0	0	0	0.00176	0.00182	0	0.0017	6936	450	3	0.00443	pLH226	VIstar	ENLYFQS	J23116	superweak	1	VIstar_ENLYFQS
AGATCGTTAATA	0	0	0.00158	0	0	0	0	0	0.00175	0.00182	0.00173	0	7117	496	3	0.00688	pLH211	NX1	ENLYFQS	J23107	superweak	2	NX1_ENLYFQS
AGATCGTTAATA	0	0	0	0	0	0.00179	0.00876	0.00569	0.00522	0.02827	0.03044	0.01768	6830	427	1	0.16119	pLH211	NX1	ENLYFQS	J23107	superweak	2	NX1_ENLYFQS
AGATCGTTAATA	0	0	0	0.00179	0	0.00687	0.00493	0.00522	0.01053	0.00501	0.00287	0.00543	8134	500	2	0.04408	pLH211	NX1	ENLYFQS	J23107	superweak	2	NX1_ENLYFQS
AGCATGTGCTTG	0.00202	0	0	0	0	0	0	0	0	0	0	0	7569	496	3	0.00404	pLH218	VIstar	ENLYFQW	J23116	superweak	1	VIstar_ENLYFQW
AGCATGTGCTTG	0	0	0	0	0	0.00158	0	0.00222	0	0	0	0.00289	8340	465	2	0.00669	pLH218	VIstar	ENLYFQW	J23116	superweak	1	VIstar_ENLYFQW
AGCATGTGCTTG	0	0	0	0	0	0	0	0	0.00152	0.00324	0.00218	0.00629	7275	458	1	0.02279	pLH218	VIstar	ENLYFQW	J23116	superweak	1	VIstar_ENLYFQW
AGCATTTGTGTG	0	0	0	0	0	0.00391	0.00323	0.00748	0.01181	0.00923	0.01552	0.01328	6566	440	1	0.10102	pLH187	p0	ENLYFQS	J23107	superweak	2	p0_ENLYFQS
AGCATTTGTGTG	0	0	0	0	0.00156	0.00372	0.00113	0.00481	0	0.00432	0.00146	0.00455	7701	434	2	0.02228	pLH187	p0	ENLYFQS	J23107	superweak	2	p0_ENLYFQS
AGCATTTGTGTG	0	0	0	0	0	0	0	0	0	0	0.00184	0	6704	455	3	0.00184	pLH187	p0	ENLYFQS	J23107	superweak	2	p0_ENLYFQS
AGCTTCATAAAC	0	0	0	0.00498	0.00938	0.02431	0.02837	0.02882	0.03333	0.03601	0.03547	0.04455	7144	466	3	0.22294	X	NX1mut	ENLYFQW	J23116	superweak	1	NX1mut_ENLYFQW
AGCTTCATAAAC	0	0	0	0.00571	0.02295	0.06897	0.04714	0.05906	0.07246	0.05882	0.0565	0.04718	7696	459	2	0.46704	X	NX1mut	ENLYFQW	J23116	superweak	1	NX1mut_ENLYFQW
AGCTTCATAAAC	0	0	0	0.00786	0.01434	0.01573	0.04459	0.08752	0.14286	0.13736	0.16293	0.1514	6878	475	1	1.16038	X	NX1mut	ENLYFQW	J23116	superweak	1	NX1mut_ENLYFQW
AGGAAGAGACGG	0.0172	0.00344	0.04376	0.1569	0.24014	0.27632	0.28665	0.36909	0.38	0.37524	0.32181	0.36081	6375	450	3	2.67332	pLH182	IV	ENLYFQS	J23116	veryweak	5	IV_ENLYFQS
AGGAAGAGACGG	0.00427	0.01004	0.11828	0.37472	0.46805	0.47976	0.50359	0.54222	0.54167	0.4975	0.53097	0.53646	6915	451	2	4.87088	pLH182	IV	ENLYFQS	J23116	veryweak	5	IV_ENLYFQS
AGGAAGAGACGG	0.00155	0.04205	0.19059	0.29281	0.4733	0.60426	0.74188	0.78216	0.79174	0.78735	0.78554	0.7552	6036	401	1	8.18117	pLH182	IV	ENLYFQS	J23116	veryweak	5	IV_ENLYFQS
AGTGAACCGCTG	0	0.00254	0	0	0.00263	0	0.00357	0.00181	0.00885	0.00438	0.00224	0.00647	5089	324	2	0.03361	pLH172	C151A	ENLYFQS	J23118	superweak	3	C151A_ENLYFQS
AGTGAACCGCTG	0	0	0	0	0	0.00446	0	0	0.00273	0.00267	0.00267	0	4760	361	3	0.01253	pLH172	C151A	ENLYFQS	J23118	superweak	3	C151A_ENLYFQS
AGTGAACCGCTG	0	0.00201	0	0	0.0028	0	0.00256	0.00543	0.0082	0.00294	0.00664	0.01433	4856	301	1	0.0692	pLH172	C151A	ENLYFQS	J23118	superweak	3	C151A_ENLYFQS
AGTTCTTTTTTT	0.0245	0.03885	0.14599	0.24335	0.35604	0.55285	0.66942	0.71781	0.75128	0.78108	0.81587	0.75	4898	315	1	7.80859	pLH200	C151A	ENLYFQ–	J23118	veryweak	7	C151A_ENLYFQ–
AGTTCTTTTTTT	0.02696	0.01763	0.09402	0.29795	0.49307	0.57396	0.62545	0.62869	0.627	0.60317	0.62176	0.59535	4873	292	2	5.50241	pLH200	C151A	ENLYFQ–	J23118	veryweak	7	C151A_ENLYFQ–
AGTTCTTTTTTT	0.00679	0.02743	0.10829	0.40314	0.51629	0.60314	0.61326	0.61937	0.60997	0.57474	0.61496	0.58333	4796	341	3	5.03698	pLH200	C151A	ENLYFQ–	J23118	veryweak	7	C151A_ENLYFQ–
ATACTCTACATG	0	0	0	0	0	0	0.0076	0.0045	0	0.0083	0.03046	0.01271	3505	197	1	0.12197	pLH170	C151A	ENLYFQS	J23116	superweak	1	C151A_ENLYFQS
ATACTCTACATG	0	0.00389	0	0	0	0	0.00426	0	0	0	0	0	3317	235	3	0.01398	pLH170	C151A	ENLYFQS	J23116	superweak	1	C151A_ENLYFQS
ATACTCTACATG	0	0.00382	0	0	0.00472	0.00431	0	0.00332	0	0	0.004	0.00398	3142	206	2	0.02615	pLH170	C151A	ENLYFQS	J23116	superweak	1	C151A_ENLYFQS
ATGAAATTTCAA	0.00197	0.00175	0	0.01605	0.02738	0.06677	0.07239	0.07171	0.10052	0.10739	0.09915	0.1018	9214	508	2	0.71547	pLH194	C151A	ENLYFQ–	J23116	superweak	1	C151A_ENLYFQ–
ATGAAATTTCAA	0.00188	0	0	0.00713	0.01944	0.03817	0.05495	0.05668	0.08746	0.09642	0.09167	0.10395	8623	531	3	0.50766	pLH194	C151A	ENLYFQ–	J23116	superweak	1	C151A_ENLYFQ–
ATGAAATTTCAA	0	0	0	0.00276	0.0081	0.02315	0.06649	0.09615	0.13449	0.16106	0.24464	0.19766	7965	531	1	1.49912	pLH194	C151A	ENLYFQ–	J23116	superweak	1	C151A_ENLYFQ–
ATGCTTTGCCCT	0.00443	0.00211	0.02963	0.16537	0.30893	0.37621	0.41509	0.45799	0.43581	0.40608	0.42291	0.39239	8130	451	2	3.62619	pLH214	NX1	ENLYFQS	J23116	veryweak	5	NX1_ENLYFQS
ATGCTTTGCCCT	0	0.01616	0.11458	0.18941	0.2654	0.48921	0.62126	0.66444	0.69281	0.71078	0.71619	0.6913	6775	422	1	6.93712	pLH214	NX1	ENLYFQS	J23116	veryweak	5	NX1_ENLYFQS
ATGCTTTGCCCT	0.00209	0	0.01304	0.07517	0.15385	0.22157	0.26679	0.29806	0.28312	0.30297	0.28885	0.25744	7083	479	3	2.03632	pLH214	NX1	ENLYFQS	J23116	veryweak	5	NX1_ENLYFQS
CAAGGTCAGAAG	0.04985	0.04943	0.15263	0.28641	0.42361	0.46032	0.60741	0.4881	0.6	0.53465	0.63768	0.48333	1804	60	1	6.18834	pLH185	IV	ENLYFQS	J23100	veryweak	8	IV_ENLYFQS
CAAGGTCAGAAG	0.0495	0.04624	0.12977	0.26733	0.34314	0.34021	0.34286	0.38596	0.36036	0.32609	0.3301	0.32673	1467	92	2	3.38859	pLH185	IV	ENLYFQS	J23100	veryweak	8	IV_ENLYFQS
CAAGGTCAGAAG	0.05752	0.06509	0.11043	0.17117	0.21739	0.26852	0.22472	0.22917	0.22727	0.31111	0.30864	0.24138	1423	81	3	2.46687	pLH185	IV	ENLYFQS	J23100	veryweak	8	IV_ENLYFQS
CAGCGCTGACTG	0	0	0.00153	0.00345	0.03353	0.03868	0.05516	0.0759	0.10733	0.09877	0.11244	0.11278	7417	486	3	0.58318	pLH195	C151A	ENLYFQ–	J23107	superweak	2	C151A_ENLYFQ–
CAGCGCTGACTG	0	0	0	0.01139	0.05079	0.0643	0.08829	0.07861	0.1008	0.10667	0.11241	0.11501	7939	454	2	0.78448	pLH195	C151A	ENLYFQ–	J23107	superweak	2	C151A_ENLYFQ–
CAGCGCTGACTG	0	0.00182	0	0.003	0.0041	0.02431	0.0832	0.10067	0.13961	0.18374	0.22091	0.22125	6980	454	1	1.53523	pLH195	C151A	ENLYFQ–	J23107	superweak	2	C151A_ENLYFQ–
CCCGCCCGCCCC	0	0	0	0.00952	0.01415	0.01026	0.01739	0.00623	0.00763	0.01224	0.00429	0.01351	3155	195	2	0.09736	pLH188	p0	ENLYFQS	J23118	superweak	3	p0_ENLYFQS
CCCGCCCGCCCC	0	0	0	0	0.01099	0.00791	0.01619	0.03	0.05093	0.03977	0.00633	0.01163	3293	158	1	0.19488	pLH188	p0	ENLYFQS	J23118	superweak	3	p0_ENLYFQS
CCCGCCCGCCCC	0	0	0	0	0	0	0	0.00394	0	0	0	0.00373	2970	193	3	0.0058	pLH188	p0	ENLYFQS	J23118	superweak	3	p0_ENLYFQS
CCTACCGCGGGA	0	0	0	0	0	0	0	0	0	0	0	0.00185	6290	433	3	0.00092	pLH219	VIstar	ENLYFQW	J23107	superweak	2	VIstar_ENLYFQW
CCTACCGCGGGA	0	0	0	0.00164	0	0	0	0.00407	0.00348	0.00637	0.00454	0.00769	6308	395	1	0.04229	pLH219	VIstar	ENLYFQW	J23107	superweak	2	VIstar_ENLYFQW
CCTACCGCGGGA	0	0	0	0	0	0	0	0	0.00154	0.00147	0.00312	0	7129	399	2	0.00769	pLH219	VIstar	ENLYFQW	J23107	superweak	2	VIstar_ENLYFQW
CCTCTTGTATGC	0	0	0	0	0.01818	0	0.016	0.03883	0.07692	0.03093	0.0339	0.0099	1991	59	1	0.28541	pLH181	IV	ENLYFQS	J23100	superweak	4	IV_ENLYFQS
CCTCTTGTATGC	0	0	0	0	0	0	0.00741	0.00625	0	0	0.01	0	1668	91	3	0.02366	pLH181	IV	ENLYFQS	J23100	superweak	4	IV_ENLYFQS
CCTCTTGTATGC	0	0	0	0	0	0.01818	0.01333	0.01923	0.03191	0.00769	0	0.00926	1654	94	2	0.0996	pLH181	IV	ENLYFQS	J23100	superweak	4	IV_ENLYFQS
CGCACCCCCCCC	0	0.00375	0	0	0	0.00606	0.01379	0.01154	0.00851	0	0.00442	0.00495	2766	165	2	0.05523	pLH212	NX1	ENLYFQS	J23118	superweak	3	NX1_ENLYFQS
CGCACCCCCCCC	0	0	0	0	0	0	0.02439	0.03145	0.0184	0.0355	0.03623	0.04848	3171	138	1	0.29728	pLH212	NX1	ENLYFQS	J23118	superweak	3	NX1_ENLYFQS
CGCACCCCCCCC	0.00292	0	0	0	0	0	0	0.00469	0.00575	0	0	0.00444	2730	173	3	0.0185	pLH212	NX1	ENLYFQS	J23118	superweak	3	NX1_ENLYFQS
CGGTCGCTCTGT	0	0.01248	0.11111	0.18083	0.26265	0.45868	0.55987	0.60886	0.63091	0.69439	0.69623	0.61268	6156	378	1	6.48571	pLH230	VIstar	ENLYFQS	J23116	veryweak	5	VIstar_ENLYFQS
CGGTCGCTCTGT	0.00721	0.00567	0.01557	0.08014	0.14118	0.17937	0.18075	0.26144	0.26576	0.26399	0.2404	0.22705	6735	416	3	1.77072	pLH230	VIstar	ENLYFQS	J23116	veryweak	5	VIstar_ENLYFQS
CGGTCGCTCTGT	0	0.00229	0.04638	0.15213	0.27581	0.31589	0.39203	0.37964	0.39513	0.38249	0.38558	0.36842	7512	436	2	3.28858	pLH230	VIstar	ENLYFQS	J23116	veryweak	5	VIstar_ENLYFQS
CGGTGGGTTGTG	0.00154	0.01444	0.0724	0.17133	0.27679	0.42084	0.54023	0.61798	0.62545	0.70849	0.69746	0.64026	6342	433	1	6.47289	pLH207	NX1	ENLYFQW	J23107	veryweak	6	NX1_ENLYFQW
CGGTGGGTTGTG	0.00223	0	0.00503	0.04963	0.13787	0.16275	0.22222	0.24247	0.2682	0.27417	0.26087	0.23488	6702	448	3	1.74511	pLH207	NX1	ENLYFQW	J23107	veryweak	6	NX1_ENLYFQW
CGGTGGGTTGTG	0.00226	0	0.03622	0.14914	0.25	0.33989	0.39569	0.37618	0.38348	0.40489	0.35565	0.38629	7659	441	2	3.25639	pLH207	NX1	ENLYFQW	J23107	veryweak	6	NX1_ENLYFQW
CGTCGGACCGGT	0	0	0	0.00581	0	0	0	0.00549	0.01974	0.00606	0.00806	0	2368	124	3	0.04516	pLH229	VIstar	ENLYFQS	J23100	superweak	4	VIstar_ENLYFQS
CGTCGGACCGGT	0	0	0.00508	0.01136	0.0069	0	0.01613	0.02198	0.02013	0	0.00585	0	2145	103	2	0.09035	pLH229	VIstar	ENLYFQS	J23100	superweak	4	VIstar_ENLYFQS
CGTCGGACCGGT	0.00199	0	0	0	0	0.01047	0.02273	0.01923	0.0365	0.01481	0.07317	0.02308	2734	123	1	0.33382	pLH229	VIstar	ENLYFQS	J23100	superweak	4	VIstar_ENLYFQS
CGTTTCAAGTTT	0.0216	0.0407	0.22719	0.52803	0.67365	0.74062	0.78746	0.78078	0.77778	0.77605	0.76884	0.74965	8646	463	2	7.24597	pLH199	C151A	ENLYFQ–	J23107	veryweak	6	C151A_ENLYFQ–
CGTTTCAAGTTT	0.02534	0.02688	0.11005	0.52648	0.64785	0.71216	0.76487	0.76221	0.73813	0.75989	0.73748	0.72281	8059	513	3	6.23841	pLH199	C151A	ENLYFQ–	J23107	veryweak	6	C151A_ENLYFQ–
CGTTTCAAGTTT	0.03439	0.09912	0.3125	0.40462	0.54862	0.73137	0.84823	0.89133	0.91255	0.92393	0.92044	0.89209	7942	448	1	9.77475	pLH199	C151A	ENLYFQ–	J23107	veryweak	6	C151A_ENLYFQ–
CTAACGAGAACC	0	0	0	0	0.00196	0	0	0	0	0	0.00235	0.00198	5967	424	3	0.0053	pLH186	p0	ENLYFQS	J23116	superweak	1	p0_ENLYFQS
CTAACGAGAACC	0	0	0	0.00209	0.00384	0.00214	0.00824	0.00284	0.00171	0.0066	0	0.00675	6715	428	2	0.03421	pLH186	p0	ENLYFQS	J23116	superweak	1	p0_ENLYFQS
CTAACGAGAACC	0	0	0	0	0	0	0.00182	0.01626	0.01044	0.01116	0.00831	0.01055	6025	361	1	0.08156	pLH186	p0	ENLYFQS	J23116	superweak	1	p0_ENLYFQS
CTTTTGCTAATA	0	0	0.03514	0.06846	0.15	0.35315	0.41284	0.5477	0.48026	0.56122	0.53138	0.50769	3977	239	1	4.9526	pLH176	C151A	ENLYFQS	J23118	veryweak	7	C151A_ENLYFQS
CTTTTGCTAATA	0	0	0.00581	0.06796	0.11888	0.18211	0.13768	0.17925	0.26721	0.21222	0.21324	0.20712	3692	247	3	1.48792	pLH176	C151A	ENLYFQS	J23118	veryweak	7	C151A_ENLYFQS
CTTTTGCTAATA	0.00639	0.00327	0.01931	0.08571	0.21245	0.29658	0.30024	0.27559	0.31447	0.24585	0.28228	0.2987	3723	245	2	2.47879	pLH176	C151A	ENLYFQS	J23118	veryweak	7	C151A_ENLYFQS
CTTTTGTATCTT	0.01545	0.03107	0.04306	0.08772	0.07006	0.30137	0.38983	0.34951	0.55435	0.5431	0.5641	0.49485	2208	78	1	4.77775	X	NX1mut	ENLYFQW	J23118	veryweak	7	NX1mut_ENLYFQW
CTTTTGTATCTT	0.03077	0.03865	0.03825	0.13245	0.2623	0.38235	0.31356	0.33544	0.325	0.34167	0.36066	0.36567	1896	118	3	2.83268	X	NX1mut	ENLYFQW	J23118	veryweak	7	NX1mut_ENLYFQW
CTTTTGTATCTT	0.02232	0.01878	0.04242	0.10606	0.33871	0.32979	0.36242	0.35811	0.30702	0.38686	0.43478	0.35652	1730	94	2	3.27002	X	NX1mut	ENLYFQW	J23118	veryweak	7	NX1mut_ENLYFQW
GACAAAAAATCC	0.02299	0.03423	0.15839	0.376	0.45735	0.54907	0.57119	0.51076	0.53527	0.54684	0.51927	0.49563	5454	375	2	5.02513	pLH183	IV	ENLYFQS	J23107	veryweak	6	IV_ENLYFQS
GACAAAAAATCC	0.02227	0.03306	0.05098	0.18159	0.29858	0.27455	0.31183	0.35731	0.38793	0.36896	0.33333	0.37871	5024	348	3	2.8816	pLH183	IV	ENLYFQS	J23107	veryweak	6	IV_ENLYFQS
GACAAAAAATCC	0.03093	0.07863	0.20219	0.35317	0.45652	0.64672	0.73953	0.7192	0.74112	0.7892	0.76758	0.70103	4864	291	1	8.06275	pLH183	IV	ENLYFQS	J23107	veryweak	6	IV_ENLYFQS
GAGTGATGGTGT	0.00218	0	0	0	0	0	0	0	0	0.00152	0	0	7805	458	3	0.00588	pLH202	NX1	ENLYFQW	J23116	superweak	1	NX1_ENLYFQW
GAGTGATGGTGT	0	0	0	0	0.00135	0.00163	0.00278	0.00438	0.00457	0.0069	0.00352	0.00125	8947	492	2	0.02814	pLH202	NX1	ENLYFQW	J23116	superweak	1	NX1_ENLYFQW
GAGTGATGGTGT	0	0	0	0	0.00172	0	0.00264	0.00758	0.00592	0.00806	0.01606	0.00522	7527	498	1	0.07651	pLH202	NX1	ENLYFQW	J23116	superweak	1	NX1_ENLYFQW
GATTGGGGTTCT	0.00344	0.00871	0.10787	0.26065	0.33457	0.52632	0.57848	0.61836	0.55856	0.67021	0.65054	0.60748	3520	186	1	6.50676	pLH192	p0	ENLYFQS	J23118	veryweak	7	p0_ENLYFQS
GATTGGGGTTCT	0.00253	0.00602	0.02548	0.0766	0.12692	0.17031	0.15764	0.1375	0.16889	0.11382	0.21579	0.15063	3108	190	3	1.28838	pLH192	p0	ENLYFQS	J23118	veryweak	7	p0_ENLYFQS
GATTGGGGTTCT	0.0088	0.01562	0.09124	0.21586	0.28767	0.33155	0.39423	0.32365	0.34892	0.29213	0.30973	0.32	3092	187	2	3.08987	pLH192	p0	ENLYFQS	J23118	veryweak	7	p0_ENLYFQS
GATTGGTTGCAT	0	0	0	0	0.00556	0	0	0	0.00725	0.00621	0.00599	0	2368	138	3	0.02501	pLH180	IV	ENLYFQS	J23118	superweak	3	IV_ENLYFQS
GATTGGTTGCAT	0	0	0	0	0.00595	0.01408	0.01709	0.02564	0.00746	0.03614	0.0068	0.01333	2281	134	2	0.12989	pLH180	IV	ENLYFQS	J23118	superweak	3	IV_ENLYFQS
GATTGGTTGCAT	0	0	0	0	0.00407	0.01143	0.06024	0.0473	0.11511	0.1145	0.10924	0.05344	2779	119	1	0.73263	pLH180	IV	ENLYFQS	J23118	superweak	3	IV_ENLYFQS
GCAGTCTTCGCT	0.01692	0.02737	0.06522	0.16318	0.26257	0.39404	0.50865	0.51681	0.52	0.55985	0.52151	0.50505	3967	186	1	5.34002	pLH208	NX1	ENLYFQW	J23118	veryweak	7	NX1_ENLYFQW
GCAGTCTTCGCT	0.03951	0.0291	0.02041	0.07527	0.11321	0.12416	0.18702	0.20833	0.25221	0.25541	0.17063	0.21661	3480	226	3	1.66672	pLH208	NX1	ENLYFQW	J23118	veryweak	7	NX1_ENLYFQW
GCAGTCTTCGCT	0.01928	0.04167	0.01893	0.18487	0.26953	0.27059	0.34375	0.37462	0.3931	0.35758	0.31955	0.32222	3580	238	2	3.06582	pLH208	NX1	ENLYFQW	J23118	veryweak	7	NX1_ENLYFQW
GCCGCTGGGCTG	0.03881	0.02612	0.1358	0.22886	0.27	0.33862	0.31861	0.40068	0.356	0.31064	0.37089	0.3087	2973	189	2	3.26977	pLH233	VIstar	ENLYFQS	J23100	veryweak	8	VIstar_ENLYFQS
GCCGCTGGGCTG	0.02083	0.03941	0.14826	0.23333	0.3626	0.43462	0.5297	0.55357	0.59406	0.64088	0.6213	0.60494	3199	162	1	6.30997	pLH233	VIstar	ENLYFQS	J23100	veryweak	8	VIstar_ENLYFQS
GCCGCTGGGCTG	0.01928	0.0411	0.04967	0.07391	0.15247	0.16667	0.19816	0.23868	0.20561	0.24324	0.25359	0.21649	2949	194	3	1.83155	pLH233	VIstar	ENLYFQS	J23100	veryweak	8	VIstar_ENLYFQS
GCGACCCATGCA	0.00249	0	0.00351	0.04537	0.1059	0.14038	0.2093	0.18506	0.22037	0.21174	0.25311	0.20787	6189	401	3	1.48365	pLH190	p0	ENLYFQS	J23116	veryweak	5	p0_ENLYFQS
GCGACCCATGCA	0	0	0.02257	0.14402	0.22011	0.29379	0.31128	0.35804	0.34916	0.33139	0.33655	0.29106	7173	391	2	2.82625	pLH190	p0	ENLYFQS	J23116	veryweak	5	p0_ENLYFQS
GCGACCCATGCA	0	0.0105	0.06651	0.17152	0.21851	0.40455	0.48757	0.55039	0.57317	0.5975	0.63636	0.52668	5902	389	1	5.72448	pLH190	p0	ENLYFQS	J23116	veryweak	5	p0_ENLYFQS
GCGGGCGAGTTC	0.00828	0	0.00675	0.05692	0.09312	0.15217	0.18476	0.20615	0.26917	0.25232	0.24043	0.22707	7880	483	3	1.59188	pLH206	NX1	ENLYFQW	J23116	veryweak	5	NX1_ENLYFQW
GCGGGCGAGTTC	0.00203	0.00587	0.03381	0.136	0.24965	0.30344	0.33176	0.3591	0.3442	0.36737	0.35547	0.34634	8824	492	2	3.01176	pLH206	NX1	ENLYFQW	J23116	veryweak	5	NX1_ENLYFQW
GCGGGCGAGTTC	0.00138	0.01118	0.05603	0.16553	0.21811	0.33498	0.46796	0.535	0.57824	0.62261	0.64474	0.62782	7381	464	1	5.85782	pLH206	NX1	ENLYFQW	J23116	veryweak	5	NX1_ENLYFQW
GCTCTCCATGAT	0.27431	0.30483	0.50225	0.5871	0.65525	0.83803	0.87929	0.92247	0.9302	0.94907	0.94879	0.91866	7812	438	1	10.91494	pLH198	C151A	ENLYFQ–	J23116	veryweak	5	C151A_ENLYFQ–
GCTCTCCATGAT	0.30112	0.35793	0.40484	0.70083	0.78187	0.81434	0.83499	0.86395	0.81358	0.85298	0.81048	0.81545	8068	445	3	8.78265	pLH198	C151A	ENLYFQ–	J23116	veryweak	5	C151A_ENLYFQ–
GCTCTCCATGAT	0.3	0.31942	0.46976	0.66221	0.7957	0.82817	0.85064	0.85759	0.85181	0.86534	0.8359	0.83462	8414	440	2	8.73911	pLH198	C151A	ENLYFQ–	J23116	veryweak	5	C151A_ENLYFQ–
GCTGTGATGTTG	0	0	0	0	0	0.00448	0.00575	0.02963	0.03067	0.07742	0.08108	0.05714	2896	111	1	0.46493	X	NX1mut	ENLYFQW	J23100	superweak	4	NX1mut_ENLYFQW
GCTGTGATGTTG	0	0	0	0	0	0.01515	0.04167	0.02427	0.01149	0.06111	0.01667	0.0289	2352	132	2	0.2076	X	NX1mut	ENLYFQW	J23100	superweak	4	NX1mut_ENLYFQW
GCTGTGATGTTG	0	0.00402	0	0	0.00571	0.00578	0.01282	0.00897	0.03529	0.0113	0.03401	0.01863	2442	147	3	0.13324	X	NX1mut	ENLYFQW	J23100	superweak	4	NX1mut_ENLYFQW
GGGATGGCTGGG	0	0.03974	0.10894	0.26895	0.33083	0.48689	0.55556	0.64865	0.657	0.7013	0.6358	0.6215	3583	162	1	6.63036	pLH193	p0	ENLYFQS	J23100	veryweak	8	p0_ENLYFQS
GGGATGGCTGGG	0.01966	0.00313	0.01974	0.09251	0.11494	0.15538	0.1629	0.14567	0.18779	0.11688	0.23348	0.15385	3136	213	3	1.35336	pLH193	p0	ENLYFQS	J23100	veryweak	8	p0_ENLYFQS
GGGATGGCTGGG	0.00567	0.02462	0.07823	0.23188	0.31884	0.31633	0.30405	0.35055	0.33735	0.38272	0.38115	0.33333	3107	196	2	3.25246	pLH193	p0	ENLYFQS	J23100	veryweak	8	p0_ENLYFQS
GGGCTAGGGTGG	0	0.00299	0.02581	0.0824	0.19033	0.22403	0.24009	0.21921	0.24668	0.24412	0.23256	0.22571	4089	267	2	2.05021	pLH224	VIstar	ENLYFQW	J23118	veryweak	7	VIstar_ENLYFQW
GGGCTAGGGTGG	0	0	0.05491	0.12874	0.1519	0.31095	0.38235	0.43426	0.49618	0.50505	0.46512	0.47706	3907	215	1	4.58126	pLH224	VIstar	ENLYFQW	J23118	veryweak	7	VIstar_ENLYFQW
GGGCTAGGGTGG	0.00265	0	0	0.02857	0.05621	0.06984	0.06897	0.09706	0.07719	0.14841	0.10949	0.14333	3848	274	3	0.7327	pLH224	VIstar	ENLYFQW	J23118	veryweak	7	VIstar_ENLYFQW
GGGGGGGGGGTT	0	0	0	0	0	0.00837	0.03019	0.03636	0.03861	0.05761	0.0618	0.0625	3533	178	1	0.45064	pLH228	VIstar	ENLYFQS	J23118	superweak	3	VIstar_ENLYFQS
GGGGGGGGGGTT	0.00329	0	0	0.00437	0.01136	0.03	0.00279	0.00633	0.00613	0.02536	0.0229	0.00746	3341	200	2	0.1298	pLH228	VIstar	ENLYFQS	J23118	superweak	3	VIstar_ENLYFQS
GGGGGGGGGGTT	0	0	0	0	0	0.00687	0	0.00324	0.008	0	0.00402	0	3383	218	3	0.02213	pLH228	VIstar	ENLYFQS	J23118	superweak	3	VIstar_ENLYFQS
GGGTACTCGGGG	0	0	0	0	0	0.00606	0.01873	0.0124	0.02917	0.00858	0	0	2752	154	2	0.07494	pLH189	p0	ENLYFQS	J23100	superweak	4	p0_ENLYFQS
GGGTACTCGGGG	0	0	0	0.00248	0.00379	0	0.01835	0.05914	0.04103	0.04487	0.03681	0.06667	3335	156	1	0.39502	pLH189	p0	ENLYFQS	J23100	superweak	4	p0_ENLYFQS
GGGTACTCGGGG	0	0	0	0	0	0	0.00546	0	0.00493	0	0	0.00437	2902	183	3	0.01258	pLH189	p0	ENLYFQS	J23100	superweak	4	p0_ENLYFQS
GGGTATGTCTTG	0.00926	0.02607	0.03583	0.10283	0.18605	0.29444	0.47706	0.49677	0.46875	0.60656	0.5082	0.51471	3070	122	1	4.99891	pLH217	NX1	ENLYFQS	J23100	veryweak	8	NX1_ENLYFQS
GGGTATGTCTTG	0.00578	0.01481	0.01619	0.07426	0.20207	0.17935	0.24675	0.20101	0.23377	0.21714	0.21053	0.24138	2469	154	3	1.75034	pLH217	NX1	ENLYFQS	J23100	veryweak	8	NX1_ENLYFQS
GGGTATGTCTTG	0.0127	0.02174	0.0583	0.14451	0.23881	0.34868	0.30645	0.34222	0.27419	0.29108	0.37725	0.31551	2520	152	2	2.91371	pLH217	NX1	ENLYFQS	J23100	veryweak	8	NX1_ENLYFQS
GGTCTCGGTCCT	0.02096	0.0184	0.053	0.18182	0.30213	0.34314	0.41714	0.37188	0.4	0.41522	0.39262	0.37647	3446	204	2	3.47861	pLH216	NX1	ENLYFQS	J23118	veryweak	7	NX1_ENLYFQS
GGTCTCGGTCCT	0.00777	0.0089	0.02839	0.08171	0.17672	0.18248	0.25764	0.29371	0.28571	0.32099	0.24312	0.26923	3256	217	3	2.04288	pLH216	NX1	ENLYFQS	J23118	veryweak	7	NX1_ENLYFQS
GGTCTCGGTCCT	0.00391	0.01747	0.07965	0.19222	0.23827	0.45703	0.47266	0.54271	0.55512	0.66038	0.64646	0.56158	3600	198	1	5.95678	pLH216	NX1	ENLYFQS	J23118	veryweak	7	NX1_ENLYFQS
GGTGCCGCGAGC	0.00438	0	0.02326	0.08952	0.18182	0.26621	0.27655	0.29529	0.29107	0.26832	0.28752	0.26277	7907	457	2	2.38828	pLH223	VIstar	ENLYFQW	J23107	veryweak	6	VIstar_ENLYFQW
GGTGCCGCGAGC	0.00418	0	0.00962	0.02737	0.08072	0.12206	0.1641	0.17503	0.19031	0.16545	0.1964	0.21284	7142	478	3	1.24584	pLH223	VIstar	ENLYFQW	J23107	veryweak	6	VIstar_ENLYFQW
GGTGCCGCGAGC	0	0.01132	0.08083	0.13007	0.18681	0.27462	0.39562	0.45681	0.49833	0.54011	0.57928	0.50195	6444	433	1	5.02662	pLH223	VIstar	ENLYFQW	J23107	veryweak	6	VIstar_ENLYFQW
GTCCCCACCAGG	0	0.00226	0.01967	0.07692	0.12097	0.27149	0.34807	0.35294	0.40741	0.39698	0.36552	0.32215	3230	145	1	3.55481	pLH225	VIstar	ENLYFQW	J23100	veryweak	8	VIstar_ENLYFQW
GTCCCCACCAGG	0.00313	0.0036	0.01762	0.08416	0.10891	0.16667	0.17114	0.19772	0.18779	0.15909	0.17073	0.11413	2803	184	2	1.46849	pLH225	VIstar	ENLYFQW	J23100	veryweak	8	VIstar_ENLYFQW
GTCCCCACCAGG	0	0.00348	0.01562	0.0181	0.04072	0.06494	0.05093	0.08854	0.10811	0.07895	0.09626	0.05495	2736	182	3	0.59834	pLH225	VIstar	ENLYFQW	J23100	veryweak	8	VIstar_ENLYFQW
GTCCTTGTTGTG	0.04438	0.04598	0.06198	0.15278	0.26	0.25234	0.2957	0.31481	0.23529	0.32086	0.36471	0.30198	2602	170	3	2.61317	pLH184	IV	ENLYFQS	J23118	veryweak	7	IV_ENLYFQS
GTCCTTGTTGTG	0.05199	0.03766	0.14747	0.29651	0.39344	0.43125	0.3913	0.35772	0.38462	0.45641	0.51351	0.29375	2522	160	2	3.98639	pLH184	IV	ENLYFQS	J23118	veryweak	7	IV_ENLYFQS
GTCCTTGTTGTG	0.03983	0.0771	0.18217	0.31335	0.41905	0.57399	0.60914	0.56129	0.67347	0.69318	0.69014	0.60484	2904	124	1	7.05769	pLH184	IV	ENLYFQS	J23118	veryweak	7	IV_ENLYFQS
GTGAATGTCTTC	0.01053	0.02273	0.15152	0.20468	0.28022	0.3494	0.32342	0.34742	0.31683	0.3814	0.37245	0.3369	2548	166	2	3.27846	pLH232	VIstar	ENLYFQS	J23118	veryweak	7	VIstar_ENLYFQS
GTGAATGTCTTC	0.04281	0.03226	0.06466	0.0939	0.15707	0.14815	0.1828	0.20833	0.21106	0.2426	0.25698	0.19895	2598	169	3	1.83129	pLH232	VIstar	ENLYFQS	J23118	veryweak	7	VIstar_ENLYFQS
GTGAATGTCTTC	0.01811	0.03241	0.09091	0.20755	0.28037	0.43304	0.50888	0.52761	0.57988	0.60204	0.64085	0.46154	2984	142	1	5.79695	pLH232	VIstar	ENLYFQS	J23118	veryweak	7	VIstar_ENLYFQS
GTGGCGGTTGTT	0.00229	0	0	0	0	0	0	0	0.00213	0.00185	0	0	6503	436	3	0.00856	pLH210	NX1	ENLYFQS	J23116	superweak	1	NX1_ENLYFQS
GTGGCGGTTGTT	0	0	0	0	0.00162	0.00164	0.00346	0.00253	0	0.00728	0.003	0.00295	7539	436	2	0.02398	pLH210	NX1	ENLYFQS	J23116	superweak	1	NX1_ENLYFQS
GTGGCGGTTGTT	0.0034	0	0	0	0	0.00187	0.00168	0.00357	0.01237	0.00826	0.01361	0.01842	6266	393	1	0.10032	pLH210	NX1	ENLYFQS	J23116	superweak	1	NX1_ENLYFQS
GTGGGGTAAACG	0	0	0	0	0.00311	0.00338	0.00217	0.0024	0.00257	0.00535	0.00413	0.00151	7926	461	2	0.02668	X	NX1mut	ENLYFQW	J23107	superweak	2	NX1mut_ENLYFQW
GTGGGGTAAACG	0	0	0	0	0	0	0	0	0	0.00163	0	0	7178	468	3	0.00163	X	NX1mut	ENLYFQW	J23107	superweak	2	NX1mut_ENLYFQW
GTGGGGTAAACG	0	0	0	0.0015	0	0.00173	0.00309	0.00369	0.00515	0.00874	0.02376	0.01308	6769	447	1	0.10946	X	NX1mut	ENLYFQW	J23107	superweak	2	NX1mut_ENLYFQW
GTGGGTTAGGAT	0	0	0	0	0.00338	0.00379	0.0137	0.03	0.00885	0.02577	0.04242	0.0266	3563	165	1	0.24474	pLH204	NX1	ENLYFQW	J23118	superweak	3	NX1_ENLYFQW
GTGGGTTAGGAT	0	0	0	0	0.00408	0	0.01227	0.01115	0.00385	0.00426	0.00858	0.00439	3115	201	2	0.05287	pLH204	NX1	ENLYFQW	J23118	superweak	3	NX1_ENLYFQW
GTGGGTTAGGAT	0.00272	0	0	0	0	0	0	0.00402	0	0	0	0	3036	191	3	0.00946	pLH204	NX1	ENLYFQW	J23118	superweak	3	NX1_ENLYFQW
GTTAACCTAAGT	0.05155	0.04315	0.19656	0.44597	0.60169	0.6406	0.67742	0.70298	0.70793	0.76126	0.68906	0.69243	7587	485	2	6.52935	X	NX1mut	ENLYFQW	J23107	veryweak	6	NX1mut_ENLYFQW
GTTAACCTAAGT	0.04198	0.09704	0.31614	0.38438	0.4759	0.70123	0.7943	0.86828	0.85174	0.89068	0.88632	0.83762	7076	446	1	9.29172	X	NX1mut	ENLYFQW	J23107	veryweak	6	NX1mut_ENLYFQW
GTTAACCTAAGT	0.04638	0.07225	0.12706	0.42527	0.51792	0.62215	0.64116	0.64388	0.60707	0.62378	0.64685	0.63284	7217	509	3	5.44494	X	NX1mut	ENLYFQW	J23107	veryweak	6	NX1mut_ENLYFQW
TATATGGGGTGC	0.00228	0	0.0189	0.08598	0.18094	0.26199	0.26899	0.30299	0.297	0.28183	0.28402	0.23465	7683	439	2	2.36044	pLH222	VIstar	ENLYFQW	J23116	veryweak	5	VIstar_ENLYFQW
TATATGGGGTGC	0.00147	0.00933	0.0481	0.12135	0.17793	0.27066	0.38305	0.46455	0.53206	0.51083	0.50591	0.48551	6282	395	1	4.75439	pLH222	VIstar	ENLYFQW	J23116	veryweak	5	VIstar_ENLYFQW
TATATGGGGTGC	0.00228	0	0.00445	0.03146	0.0937	0.10303	0.16937	0.15038	0.15341	0.18644	0.21218	0.22948	7057	438	3	1.22372	pLH222	VIstar	ENLYFQW	J23116	veryweak	5	VIstar_ENLYFQW
TCCCTTATTTAG	0	0.00208	0.01942	0.05634	0.09821	0.26378	0.397	0.44976	0.48387	0.48889	0.50532	0.44144	3483	188	1	4.40553	pLH177	C151A	ENLYFQS	J23100	veryweak	8	C151A_ENLYFQS
TCCCTTATTTAG	0.00331	0.00433	0	0.08955	0.16735	0.18894	0.21212	0.27213	0.28571	0.28102	0.2963	0.29268	3076	190	2	2.23994	pLH177	C151A	ENLYFQS	J23100	veryweak	8	C151A_ENLYFQS
TCCCTTATTTAG	0	0.00369	0.00366	0.06608	0.09926	0.18391	0.17969	0.19926	0.20346	0.23207	0.16071	0.18954	3198	224	3	1.43209	pLH177	C151A	ENLYFQS	J23100	veryweak	8	C151A_ENLYFQS
TGATGTGCTAAA	0	0	0	0	0	0	0.02424	0.03226	0.04717	0.0458	0.08081	0.07971	2762	93	1	0.51092	X	NX1mut	ENLYFQW	J23118	superweak	3	NX1mut_ENLYFQW
TGATGTGCTAAA	0	0	0	0	0	0.00541	0.00806	0.01695	0.01235	0.02878	0.04225	0.02548	2174	124	3	0.12654	X	NX1mut	ENLYFQW	J23118	superweak	3	NX1mut_ENLYFQW
TGATGTGCTAAA	0	0	0	0	0	0.00893	0.02203	0.01685	0.0274	0.02994	0.02326	0.02419	2161	112	2	0.16423	X	NX1mut	ENLYFQW	J23118	superweak	3	NX1mut_ENLYFQW
TGATTTTTGGAT	0.00525	0.00851	0.00797	0.05419	0.0884	0.15934	0.13462	0.2	0.15094	0.16084	0.10778	0.15924	2405	143	3	1.17548	X	NX1mut	ENLYFQW	J23100	veryweak	8	NX1mut_ENLYFQW
TGATTTTTGGAT	0.02069	0.0081	0.02232	0.10778	0.20779	0.19853	0.30734	0.27885	0.24084	0.31034	0.28947	0.18471	2318	136	2	2.31115	X	NX1mut	ENLYFQW	J23100	veryweak	8	NX1mut_ENLYFQW
TGATTTTTGGAT	0.0087	0.01675	0.04375	0.05523	0.08796	0.27041	0.34839	0.35714	0.40426	0.3986	0.35897	0.42537	2871	112	1	3.73501	X	NX1mut	ENLYFQW	J23100	veryweak	8	NX1mut_ENLYFQW
TGCAGGGCTGGG	0	0	0	0.00385	0	0	0.00212	0	0.00264	0.00245	0	0.00259	4226	260	2	0.01365	pLH173	C151A	ENLYFQS	J23100	superweak	4	C151A_ENLYFQS
TGCAGGGCTGGG	0	0	0	0	0	0	0	0	0.00303	0.00327	0	0.00289	4147	304	3	0.00774	pLH173	C151A	ENLYFQS	J23100	superweak	4	C151A_ENLYFQS
TGCAGGGCTGGG	0	0	0	0	0	0.00277	0.00545	0.0068	0	0.01712	0.01594	0.01603	4312	251	1	0.10405	pLH173	C151A	ENLYFQS	J23100	superweak	4	C151A_ENLYFQS
TGCCTCATTCTG	0	0	0	0	0	0	0.00392	0.00476	0.00518	0	0.00481	0	2545	165	2	0.02108	pLH220	VIstar	ENLYFQW	J23118	superweak	3	VIstar_ENLYFQW
TGCCTCATTCTG	0	0	0	0	0	0	0.00474	0	0	0	0	0.00704	3054	137	1	0.01882	pLH220	VIstar	ENLYFQW	J23118	superweak	3	VIstar_ENLYFQW
TGCCTCATTCTG	0	0	0	0	0	0	0	0.00467	0	0	0	0	2544	156	3	0.00467	pLH220	VIstar	ENLYFQW	J23118	superweak	3	VIstar_ENLYFQW
TGCTGATGTTAT	0	0	0	0	0.00662	0	0	0	0	0	0	0	2018	110	3	0.00662	pLH213	NX1	ENLYFQS	J23100	superweak	4	NX1_ENLYFQS
TGCTGATGTTAT	0	0	0	0	0	0	0.00595	0	0	0.00775	0.03333	0.00943	1832	88	2	0.07312	pLH213	NX1	ENLYFQS	J23100	superweak	4	NX1_ENLYFQS
TGCTGATGTTAT	0	0	0	0	0	0	0	0.00917	0.0082	0.01064	0.02222	0.03125	2419	90	1	0.14606	pLH213	NX1	ENLYFQS	J23100	superweak	4	NX1_ENLYFQS
TGCTGTTGGTGT	0	0	0	0	0.00348	0.00587	0.00478	0.00526	0.00613	0.00312	0.00643	0.0033	6973	388	2	0.04158	pLH227	VIstar	ENLYFQS	J23107	superweak	2	VIstar_ENLYFQS
TGCTGTTGGTGT	0	0	0.00244	0.00171	0	0.00718	0.00527	0.02846	0.02703	0.02317	0.02256	0.01379	6113	399	1	0.17924	pLH227	VIstar	ENLYFQS	J23107	superweak	2	VIstar_ENLYFQS
TGCTGTTGGTGT	0	0	0	0	0.00187	0	0	0	0	0.00192	0.00229	0	6134	404	3	0.00608	pLH227	VIstar	ENLYFQS	J23107	superweak	2	VIstar_ENLYFQS
TGGAGGCGGAGG	0.0282	0.04696	0.10015	0.3917	0.54121	0.6262	0.64223	0.67751	0.67715	0.63548	0.64116	0.65794	7249	461	3	5.43556	X	NX1mut	ENLYFQW	J23116	veryweak	5	NX1mut_ENLYFQW
TGGAGGCGGAGG	0.03571	0.04264	0.19275	0.45233	0.63289	0.70628	0.70219	0.73486	0.72881	0.75837	0.72296	0.72317	7809	469	2	6.77658	X	NX1mut	ENLYFQW	J23116	veryweak	5	NX1mut_ENLYFQW
TGGAGGCGGAGG	0.03147	0.09615	0.25566	0.40348	0.502	0.71751	0.82362	0.85414	0.88717	0.91433	0.90738	0.84268	7321	442	1	9.42361	X	NX1mut	ENLYFQW	J23116	veryweak	5	NX1mut_ENLYFQW
TGGTTTGAGAGG	0	0	0	0	0.00185	0.00352	0.00653	0.00909	0.01587	0.01498	0.01667	0.01512	6577	420	1	0.12375	pLH203	NX1	ENLYFQW	J23107	superweak	2	NX1_ENLYFQW
TGGTTTGAGAGG	0	0	0	0	0	0	0	0	0.00195	0	0	0	6619	423	3	0.00195	pLH203	NX1	ENLYFQW	J23107	superweak	2	NX1_ENLYFQW
TGGTTTGAGAGG	0	0	0	0	0.00154	0.00193	0.00334	0.0025	0.00408	0.00562	0.00954	0.00446	7504	401	2	0.03778	pLH203	NX1	ENLYFQW	J23107	superweak	2	NX1_ENLYFQW
TGTAAAATAACT	0	0	0	0.00597	0.01366	0.03089	0.01741	0.0316	0.03991	0.03038	0.02542	0.0431	4621	259	2	0.25105	pLH179	IV	ENLYFQS	J23107	superweak	2	IV_ENLYFQS
TGTAAAATAACT	0	0	0.00279	0.00198	0.00233	0.03523	0.04928	0.11003	0.07742	0.06873	0.13043	0.09966	4547	253	1	0.87318	pLH179	IV	ENLYFQS	J23107	superweak	2	IV_ENLYFQS
TGTAAAATAACT	0	0	0	0	0	0	0.00993	0.0027	0.00334	0.0098	0.00958	0	4263	299	3	0.03535	pLH179	IV	ENLYFQS	J23107	superweak	2	IV_ENLYFQS
TGTATGTTACCA	0.0068	0.03524	0.18436	0.30998	0.38562	0.54839	0.65228	0.68539	0.70513	0.72362	0.72281	0.69745	4655	285	1	7.43533	pLH231	VIstar	ENLYFQS	J23107	veryweak	6	VIstar_ENLYFQS
TGTATGTTACCA	0.00789	0.01274	0.04157	0.08475	0.14419	0.23095	0.24848	0.27896	0.27532	0.29178	0.25915	0.25195	4722	316	3	2.02875	pLH231	VIstar	ENLYFQS	J23107	veryweak	6	VIstar_ENLYFQS
TGTATGTTACCA	0.00532	0.03419	0.0973	0.27941	0.33083	0.42857	0.42658	0.46931	0.47397	0.45474	0.44671	0.44279	5258	340	2	4.11041	pLH231	VIstar	ENLYFQS	J23107	veryweak	6	VIstar_ENLYFQS
TTCTGGTTCTTT	0.00461	0.00988	0.05381	0.2629	0.34606	0.45783	0.45286	0.44316	0.45607	0.46707	0.47109	0.45212	5728	405	2	4.1107	pLH215	NX1	ENLYFQS	J23107	veryweak	6	NX1_ENLYFQS
TTCTGGTTCTTT	0.0075	0.01992	0.14099	0.2807	0.34146	0.49881	0.64315	0.69484	0.70096	0.75359	0.70261	0.65405	5289	306	1	7.14279	pLH215	NX1	ENLYFQS	J23107	veryweak	6	NX1_ENLYFQS
TTCTGGTTCTTT	0.01101	0.00858	0.01549	0.09559	0.19687	0.24941	0.24939	0.30023	0.25613	0.29167	0.29794	0.32152	5013	339	3	2.15695	pLH215	NX1	ENLYFQS	J23107	veryweak	6	NX1_ENLYFQS
TTCTGTTTTTAA	0.00531	0.00281	0.08146	0.20189	0.3142	0.42712	0.35313	0.38495	0.38422	0.35294	0.34239	0.31172	4673	295	2	3.33068	pLH191	p0	ENLYFQS	J23107	veryweak	6	p0_ENLYFQS
TTCTGTTTTTAA	0.00332	0.02079	0.15556	0.24675	0.39172	0.55294	0.61027	0.55195	0.71795	0.70418	0.70438	0.67511	4372	237	1	7.06494	pLH191	p0	ENLYFQS	J23107	veryweak	6	p0_ENLYFQS
TTCTGTTTTTAA	0.00728	0.0022	0.01909	0.06069	0.12637	0.14062	0.17143	0.18025	0.18266	0.21068	0.18261	0.15803	4491	315	3	1.37348	pLH191	p0	ENLYFQS	J23107	veryweak	6	p0_ENLYFQS
TTTGGTAGCCTG	0	0	0	0.00387	0.0175	0.02681	0.07008	0.07095	0.11221	0.07586	0.08734	0.07581	4526	229	1	0.74725	pLH178	IV	ENLYFQS	J23116	superweak	1	IV_ENLYFQS
TTTGGTAGCCTG	0.00284	0	0	0	0.01802	0.03147	0.03083	0.03579	0.03053	0.016	0.02346	0.02469	4381	286	2	0.22394	pLH178	IV	ENLYFQS	J23116	superweak	1	IV_ENLYFQS
TTTGGTAGCCTG	0	0	0	0	0	0	0.00289	0.00282	0.00997	0.0106	0	0	4110	283	3	0.02628	pLH178	IV	ENLYFQS	J23116	superweak	1	IV_ENLYFQS